50 50 45 47 68
16 74 39 14 81
65 15 8 57 49
54 69 8 34 90
47 8 83 67 39
50 41 6 39 54
13 40 9 45 71
45 65 52 74 36
91 9 39 88 57
45 50 42 95 5
94 8 52 39 4
39 89 13 73 83
44 41 94 10 57
65 37 5 68 5
46 10 8 45 46
38 9 63 38 90
91 89 46 36 50
53 72 90 13 43
55 48 39 8 35
45 89 14 50 68
11 74 68 67 13
10 32 75 50 90
66 47 12 40 87
76 45 93 3 8
41 50 45 37 34
54 3 58 90 94
44 43 76 10 59
42 73 90 47 40
48 76 8 73 34
35 42 55 69 71
71 66 70 62 47
9 45 36 44 49
11 64 45 84 38
71 62 55 8 36
12 92 39 88 64
67 72 71 13 51
67 70 46 52 75
14 85 56 50 75
84 41 12 44 65
44 34 69 69 63
74 69 8 69 11
50 8 46 45 84
10 7 75 70 12
9 51 5 71 78
69 92 7 63 39
93 12 9 94 53
72 40 37 66 8
56 12 47 8 68
7 39 43 68 72
38 39 11 48 50
43 61 68 46 87
65 39 8 37 31
47 7 91 69 13
69 94 68 10 38
8 45 77 60 63
76 47 8 39 31
40 10 48 96 74
70 11 37 36 10
41 41 6 45 59
34 73 67 78 73
10 75 46 9 12
53 52 95 56 43
16 51 44 69 92
6 48 43 45 13
10 70 6 52 58
6 66 73 62 11
94 60 48 12 95
10 37 72 66 30
13 49 47 80 72
8 88 67 64 33
70 68 47 75 63
43 40 50 41 87
5 77 69 8 87
67 76 6 76 89
12 8 62 73 49
8 42 4 8 57
50 78 71 74 71
72 45 9 66 86
49 11 93 51 7
53 46 81 71 46
50 54 68 68 40
10 40 34 89 51
43 71 70 16 42
43 70 47 44 42
41 9 67 10 78
49 70 53 51 34
94 49 53 52 73
44 92 47 88 7
87 49 11 9 48
66 41 16 50 68
45 52 38 53 91
64 12 35 85 70
57 68 92 70 62
70 46 92 59 9
89 43 61 8 9
11 3 50 47 88
9 49 51 37 76
9 66 9 36 70
67 11 56 69 46
44 41 42 52 47
37 14 8 55 11
72 39 34 68 49
63 87 33 47 93
37 55 10 68 57
42 41 87 66 70
37 10 15 55 73
46 90 61 49 76
64 12 39 68 78
41 42 71 6 63
45 39 69 45 76
10 76 80 54 70
56 50 91 48 38
44 46 45 6 10
69 64 68 31 69
68 8 49 71 68
66 91 76 44 50
71 10 46 12 11
14 45 34 68 12
49 36 49 39 89
4 67 11 65 43
6 44 56 10 73
46 11 39 60 12
71 33 70 75 69
90 49 70 56 11
64 92 70 67 48
41 86 65 91 68
35 67 43 70 62
50 40 37 54 45
67 67 64 92 47
44 44 72 42 92
57 60 64 72 68
86 39 67 55 60
7 10 39 36 77
9 97 61 66 65
49 72 75 42 7
42 38 50 47 33
48 86 89 8 14
61 90 92 34 75
7 56 7 68 37
71 73 65 7 63
77 14 62 45 48
5 65 9 72 56
68 31 49 72 85
52 68 6 45 75
78 54 63 13 51
76 47 67 63 59
69 46 86 89 9
70 64 73 70 48
71 38 51 44 52
66 5 49 13 72
67 42 67 39 4
10 51 46 7 45
62 9 40 90 92
45 9 45 45 41
10 47 67 57 44
89 62 38 76 41
65 74 73 47 12
34 90 32 74 66
65 9 49 92 92
39 40 40 72 46
49 70 84 95 69
46 51 61 46 70
95 67 78 47 52
69 34 43 11 52
13 9 78 75 13
70 12 89 8 10
64 64 76 42 77
35 73 17 69 73
47 58 71 92 56
40 36 71 15 41
55 52 43 41 68
53 72 39 48 80
42 48 86 86 72
89 65 65 91 46
79 46 11 85 45
73 65 39 69 77
11 8 68 38 88
41 50 38 50 70
33 74 39 76 61
70 8 68 50 61
9 58 71 36 67
17 9 47 7 38
94 6 41 69 78
88 44 36 62 8
12 45 66 68 69
49 8 6 10 6
66 15 78 52 91
71 67 40 36 75
68 4 70 43 71
8 6 10 89 7
72 39 72 50 70
60 35 10 38 56
41 5 68 8 13
74 73 41 47 8
5 50 44 68 16
72 6 94 62 31
12 87 63 41 36
12 46 93 86 88
48 42 67 49 11
45 56 70 9 10
